<!DOCTYPE html>
<html>
<head>
<meta charset="utf-8"/>
<style>body{background-color:white;}</style>
<script src="plotly_libs/htmlwidgets/htmlwidgets.js"></script>
<script src="plotly_libs/plotly-binding/plotly.js"></script>
<script src="plotly_libs/pymjs/pym.v1.min.js"></script>
<script src="plotly_libs/typedarray/typedarray.min.js"></script>
<script src="plotly_libs/jquery/jquery.min.js"></script>
<link href="plotly_libs/crosstalk/css/crosstalk.css" rel="stylesheet" />
<script src="plotly_libs/crosstalk/js/crosstalk.min.js"></script>
<link href="plotly_libs/plotly-htmlwidgets-css/plotly-htmlwidgets.css" rel="stylesheet" />
<script src="plotly_libs/plotly-main/plotly-latest.min.js"></script>
  <title>plotly</title>
</head>
<body>
<div id="htmlwidget_container">
  <div id="htmlwidget-655b4e35b0a572c0d672" style="width:100%;height:400px;" class="plotly html-widget"></div>
  <script>HTMLWidgets.pymChild = new pym.Child();HTMLWidgets.addPostRenderHandler(function(){
                                setTimeout(function(){HTMLWidgets.pymChild.sendHeight();},100);
                            });</script>
</div>
<script type="application/json" data-for="htmlwidget-655b4e35b0a572c0d672">{"x":{"visdat":{"4c5e4f55504":["function () ","plotlyVisDat"]},"cur_data":"4c5e4f55504","attrs":{"4c5e4f55504":{"alpha_stroke":1,"sizes":[10,100],"spans":[1,20],"z":{},"type":"surface","x":{},"y":{},"inherit":true}},"layout":{"margin":{"b":40,"l":60,"t":25,"r":10},"scene":{"xaxis":{"title":"x"},"yaxis":{"title":"y"},"zaxis":{"title":"z"}},"hovermode":"closest","showlegend":false,"legend":{"yanchor":"top","y":0.5}},"source":"A","config":{"showSendToCloud":false},"data":[{"colorbar":{"title":"z","ticklen":2,"len":0.5,"lenmode":"fraction","y":1,"yanchor":"top"},"colorscale":[["0","rgba(68,1,84,1)"],["0.0416666666668607","rgba(70,19,97,1)"],["0.0833333333331393","rgba(72,32,111,1)"],["0.125","rgba(71,45,122,1)"],["0.166666666666861","rgba(68,58,128,1)"],["0.208333333333139","rgba(64,70,135,1)"],["0.25","rgba(60,82,138,1)"],["0.291666666666861","rgba(56,93,140,1)"],["0.333333333333139","rgba(49,104,142,1)"],["0.375","rgba(46,114,142,1)"],["0.416666666666861","rgba(42,123,142,1)"],["0.458333333333139","rgba(38,133,141,1)"],["0.5","rgba(37,144,140,1)"],["0.541666666666861","rgba(33,154,138,1)"],["0.583333333333139","rgba(39,164,133,1)"],["0.625","rgba(47,174,127,1)"],["0.666666666666861","rgba(53,183,121,1)"],["0.708333333333139","rgba(79,191,110,1)"],["0.75","rgba(98,199,98,1)"],["0.791666666666861","rgba(119,207,85,1)"],["0.833333333333139","rgba(147,214,70,1)"],["0.875","rgba(172,220,52,1)"],["0.916666666666861","rgba(199,225,42,1)"],["0.958333333333139","rgba(226,228,40,1)"],["1","rgba(253,231,37,1)"]],"showscale":true,"z":[[406120,406119,406118,406117,406116,406115,406114,406113,406112,406111,406110,406109,406108,406107,406106,406105,406104,406103,406102,406101,406100,406099,406098,406097,406096,406095,406094,406093,406092,406091,406090,406089,406088,406087,406086,406085,406084,406083,406082,406081,406080,406079,406078,406077,406076,406075,406074,406073,406072,406071,406070,406069,406068,406067,406066,406065,406064,406063,406062,406061,406060,406059,406058,406057,406056,406055,406054,406053,406052,406051,406050,406049,406048,406047,406046,406045,406044,406043,406042,406041,406040,406039,406038,406037,406036,406035,406034,406033,406032,406031,406030,406029,406028,406027,406026,406025,406024,406023,406022,406021,406020,406021,406022,406023,406024,406025,406026,406027,406028,406029,406030,406031,406032,406033,406034,406035,406036,406037,406038,406039,406040,406041,406042,406043,406044,406045,406046,406047,406048,406049,406050,406051,406052,406053,406054,406055,406056,406057,406058,406059,406060,406061,406062,406063,406064,406065,406066,406067,406068,406069,406070,406071,406072,406073,406074,406075,406076,406077,406078,406079,406080,406081,406082,406083,406084,406085,406086,406087,406088,406089,406090,406091,406092,406093,406094,406095,406096,406097,406098,406099,406100,406101,406102,406103,406104,406105,406106,406107,406108,406109,406110,406111,406112,406113,406114,406115,406116,406117,406118,406119,406120],[406119,406118.01,406117.02,406116.03,406115.04,406114.05,406113.06,406112.07,406111.08,406110.09,406109.1,406108.11,406107.12,406106.13,406105.14,406104.15,406103.16,406102.17,406101.18,406100.19,406099.2,406098.21,406097.22,406096.23,406095.24,406094.25,406093.26,406092.27,406091.28,406090.29,406089.3,406088.31,406087.32,406086.33,406085.34,406084.35,406083.36,406082.37,406081.38,406080.39,406079.4,406078.41,406077.42,406076.43,406075.44,406074.45,406073.46,406072.47,406071.48,406070.49,406069.5,406068.51,406067.52,406066.53,406065.54,406064.55,406063.56,406062.57,406061.58,406060.59,406059.6,406058.61,406057.62,406056.63,406055.64,406054.65,406053.66,406052.67,406051.68,406050.69,406049.7,406048.71,406047.72,406046.73,406045.74,406044.75,406043.76,406042.77,406041.78,406040.79,406039.8,406038.81,406037.82,406036.83,406035.84,406034.85,406033.86,406032.87,406031.88,406030.89,406029.9,406028.91,406027.92,406026.93,406025.94,406024.95,406023.96,406022.97,406021.98,406020.99,406020,406020.99,406021.98,406022.97,406023.96,406024.95,406025.94,406026.93,406027.92,406028.91,406029.9,406030.89,406031.88,406032.87,406033.86,406034.85,406035.84,406036.83,406037.82,406038.81,406039.8,406040.79,406041.78,406042.77,406043.76,406044.75,406045.74,406046.73,406047.72,406048.71,406049.7,406050.69,406051.68,406052.67,406053.66,406054.65,406055.64,406056.63,406057.62,406058.61,406059.6,406060.59,406061.58,406062.57,406063.56,406064.55,406065.54,406066.53,406067.52,406068.51,406069.5,406070.49,406071.48,406072.47,406073.46,406074.45,406075.44,406076.43,406077.42,406078.41,406079.4,406080.39,406081.38,406082.37,406083.36,406084.35,406085.34,406086.33,406087.32,406088.31,406089.3,406090.29,406091.28,406092.27,406093.26,406094.25,406095.24,406096.23,406097.22,406098.21,406099.2,406100.19,406101.18,406102.17,406103.16,406104.15,406105.14,406106.13,406107.12,406108.11,406109.1,406110.09,406111.08,406112.07,406113.06,406114.05,406115.04,406116.03,406117.02,406118.01,406119],[406118,406117.02,406116.04,406115.06,406114.08,406113.1,406112.12,406111.14,406110.16,406109.18,406108.2,406107.22,406106.24,406105.26,406104.28,406103.3,406102.32,406101.34,406100.36,406099.38,406098.4,406097.42,406096.44,406095.46,406094.48,406093.5,406092.52,406091.54,406090.56,406089.58,406088.6,406087.62,406086.64,406085.66,406084.68,406083.7,406082.72,406081.74,406080.76,406079.78,406078.8,406077.82,406076.84,406075.86,406074.88,406073.9,406072.92,406071.94,406070.96,406069.98,406069,406068.02,406067.04,406066.06,406065.08,406064.1,406063.12,406062.14,406061.16,406060.18,406059.2,406058.22,406057.24,406056.26,406055.28,406054.3,406053.32,406052.34,406051.36,406050.38,406049.4,406048.42,406047.44,406046.46,406045.48,406044.5,406043.52,406042.54,406041.56,406040.58,406039.6,406038.62,406037.64,406036.66,406035.68,406034.7,406033.72,406032.74,406031.76,406030.78,406029.8,406028.82,406027.84,406026.86,406025.88,406024.9,406023.92,406022.94,406021.96,406020.98,406020,406020.98,406021.96,406022.94,406023.92,406024.9,406025.88,406026.86,406027.84,406028.82,406029.8,406030.78,406031.76,406032.74,406033.72,406034.7,406035.68,406036.66,406037.64,406038.62,406039.6,406040.58,406041.56,406042.54,406043.52,406044.5,406045.48,406046.46,406047.44,406048.42,406049.4,406050.38,406051.36,406052.34,406053.32,406054.3,406055.28,406056.26,406057.24,406058.22,406059.2,406060.18,406061.16,406062.14,406063.12,406064.1,406065.08,406066.06,406067.04,406068.02,406069,406069.98,406070.96,406071.94,406072.92,406073.9,406074.88,406075.86,406076.84,406077.82,406078.8,406079.78,406080.76,406081.74,406082.72,406083.7,406084.68,406085.66,406086.64,406087.62,406088.6,406089.58,406090.56,406091.54,406092.52,406093.5,406094.48,406095.46,406096.44,406097.42,406098.4,406099.38,406100.36,406101.34,406102.32,406103.3,406104.28,406105.26,406106.24,406107.22,406108.2,406109.18,406110.16,406111.14,406112.12,406113.1,406114.08,406115.06,406116.04,406117.02,406118],[406117,406116.03,406115.06,406114.09,406113.12,406112.15,406111.18,406110.21,406109.24,406108.27,406107.3,406106.33,406105.36,406104.39,406103.42,406102.45,406101.48,406100.51,406099.54,406098.57,406097.6,406096.63,406095.66,406094.69,406093.72,406092.75,406091.78,406090.81,406089.84,406088.87,406087.9,406086.93,406085.96,406084.99,406084.02,406083.05,406082.08,406081.11,406080.14,406079.17,406078.2,406077.23,406076.26,406075.29,406074.32,406073.35,406072.38,406071.41,406070.44,406069.47,406068.5,406067.53,406066.56,406065.59,406064.62,406063.65,406062.68,406061.71,406060.74,406059.77,406058.8,406057.83,406056.86,406055.89,406054.92,406053.95,406052.98,406052.01,406051.04,406050.07,406049.1,406048.13,406047.16,406046.19,406045.22,406044.25,406043.28,406042.31,406041.34,406040.37,406039.4,406038.43,406037.46,406036.49,406035.52,406034.55,406033.58,406032.61,406031.64,406030.67,406029.7,406028.73,406027.76,406026.79,406025.82,406024.85,406023.88,406022.91,406021.94,406020.97,406020,406020.97,406021.94,406022.91,406023.88,406024.85,406025.82,406026.79,406027.76,406028.73,406029.7,406030.67,406031.64,406032.61,406033.58,406034.55,406035.52,406036.49,406037.46,406038.43,406039.4,406040.37,406041.34,406042.31,406043.28,406044.25,406045.22,406046.19,406047.16,406048.13,406049.1,406050.07,406051.04,406052.01,406052.98,406053.95,406054.92,406055.89,406056.86,406057.83,406058.8,406059.77,406060.74,406061.71,406062.68,406063.65,406064.62,406065.59,406066.56,406067.53,406068.5,406069.47,406070.44,406071.41,406072.38,406073.35,406074.32,406075.29,406076.26,406077.23,406078.2,406079.17,406080.14,406081.11,406082.08,406083.05,406084.02,406084.99,406085.96,406086.93,406087.9,406088.87,406089.84,406090.81,406091.78,406092.75,406093.72,406094.69,406095.66,406096.63,406097.6,406098.57,406099.54,406100.51,406101.48,406102.45,406103.42,406104.39,406105.36,406106.33,406107.3,406108.27,406109.24,406110.21,406111.18,406112.15,406113.12,406114.09,406115.06,406116.03,406117],[406116,406115.04,406114.08,406113.12,406112.16,406111.2,406110.24,406109.28,406108.32,406107.36,406106.4,406105.44,406104.48,406103.52,406102.56,406101.6,406100.64,406099.68,406098.72,406097.76,406096.8,406095.84,406094.88,406093.92,406092.96,406092,406091.04,406090.08,406089.12,406088.16,406087.2,406086.24,406085.28,406084.32,406083.36,406082.4,406081.44,406080.48,406079.52,406078.56,406077.6,406076.64,406075.68,406074.72,406073.76,406072.8,406071.84,406070.88,406069.92,406068.96,406068,406067.04,406066.08,406065.12,406064.16,406063.2,406062.24,406061.28,406060.32,406059.36,406058.4,406057.44,406056.48,406055.52,406054.56,406053.6,406052.64,406051.68,406050.72,406049.76,406048.8,406047.84,406046.88,406045.92,406044.96,406044,406043.04,406042.08,406041.12,406040.16,406039.2,406038.24,406037.28,406036.32,406035.36,406034.4,406033.44,406032.48,406031.52,406030.56,406029.6,406028.64,406027.68,406026.72,406025.76,406024.8,406023.84,406022.88,406021.92,406020.96,406020,406020.96,406021.92,406022.88,406023.84,406024.8,406025.76,406026.72,406027.68,406028.64,406029.6,406030.56,406031.52,406032.48,406033.44,406034.4,406035.36,406036.32,406037.28,406038.24,406039.2,406040.16,406041.12,406042.08,406043.04,406044,406044.96,406045.92,406046.88,406047.84,406048.8,406049.76,406050.72,406051.68,406052.64,406053.6,406054.56,406055.52,406056.48,406057.44,406058.4,406059.36,406060.32,406061.28,406062.24,406063.2,406064.16,406065.12,406066.08,406067.04,406068,406068.96,406069.92,406070.88,406071.84,406072.8,406073.76,406074.72,406075.68,406076.64,406077.6,406078.56,406079.52,406080.48,406081.44,406082.4,406083.36,406084.32,406085.28,406086.24,406087.2,406088.16,406089.12,406090.08,406091.04,406092,406092.96,406093.92,406094.88,406095.84,406096.8,406097.76,406098.72,406099.68,406100.64,406101.6,406102.56,406103.52,406104.48,406105.44,406106.4,406107.36,406108.32,406109.28,406110.24,406111.2,406112.16,406113.12,406114.08,406115.04,406116],[406115,406114.05,406113.1,406112.15,406111.2,406110.25,406109.3,406108.35,406107.4,406106.45,406105.5,406104.55,406103.6,406102.65,406101.7,406100.75,406099.8,406098.85,406097.9,406096.95,406096,406095.05,406094.1,406093.15,406092.2,406091.25,406090.3,406089.35,406088.4,406087.45,406086.5,406085.55,406084.6,406083.65,406082.7,406081.75,406080.8,406079.85,406078.9,406077.95,406077,406076.05,406075.1,406074.15,406073.2,406072.25,406071.3,406070.35,406069.4,406068.45,406067.5,406066.55,406065.6,406064.65,406063.7,406062.75,406061.8,406060.85,406059.9,406058.95,406058,406057.05,406056.1,406055.15,406054.2,406053.25,406052.3,406051.35,406050.4,406049.45,406048.5,406047.55,406046.6,406045.65,406044.7,406043.75,406042.8,406041.85,406040.9,406039.95,406039,406038.05,406037.1,406036.15,406035.2,406034.25,406033.3,406032.35,406031.4,406030.45,406029.5,406028.55,406027.6,406026.65,406025.7,406024.75,406023.8,406022.85,406021.9,406020.95,406020,406020.95,406021.9,406022.85,406023.8,406024.75,406025.7,406026.65,406027.6,406028.55,406029.5,406030.45,406031.4,406032.35,406033.3,406034.25,406035.2,406036.15,406037.1,406038.05,406039,406039.95,406040.9,406041.85,406042.8,406043.75,406044.7,406045.65,406046.6,406047.55,406048.5,406049.45,406050.4,406051.35,406052.3,406053.25,406054.2,406055.15,406056.1,406057.05,406058,406058.95,406059.9,406060.85,406061.8,406062.75,406063.7,406064.65,406065.6,406066.55,406067.5,406068.45,406069.4,406070.35,406071.3,406072.25,406073.2,406074.15,406075.1,406076.05,406077,406077.95,406078.9,406079.85,406080.8,406081.75,406082.7,406083.65,406084.6,406085.55,406086.5,406087.45,406088.4,406089.35,406090.3,406091.25,406092.2,406093.15,406094.1,406095.05,406096,406096.95,406097.9,406098.85,406099.8,406100.75,406101.7,406102.65,406103.6,406104.55,406105.5,406106.45,406107.4,406108.35,406109.3,406110.25,406111.2,406112.15,406113.1,406114.05,406115],[406114,406113.06,406112.12,406111.18,406110.24,406109.3,406108.36,406107.42,406106.48,406105.54,406104.6,406103.66,406102.72,406101.78,406100.84,406099.9,406098.96,406098.02,406097.08,406096.14,406095.2,406094.26,406093.32,406092.38,406091.44,406090.5,406089.56,406088.62,406087.68,406086.74,406085.8,406084.86,406083.92,406082.98,406082.04,406081.1,406080.16,406079.22,406078.28,406077.34,406076.4,406075.46,406074.52,406073.58,406072.64,406071.7,406070.76,406069.82,406068.88,406067.94,406067,406066.06,406065.12,406064.18,406063.24,406062.3,406061.36,406060.42,406059.48,406058.54,406057.6,406056.66,406055.72,406054.78,406053.84,406052.9,406051.96,406051.02,406050.08,406049.14,406048.2,406047.26,406046.32,406045.38,406044.44,406043.5,406042.56,406041.62,406040.68,406039.74,406038.8,406037.86,406036.92,406035.98,406035.04,406034.1,406033.16,406032.22,406031.28,406030.34,406029.4,406028.46,406027.52,406026.58,406025.64,406024.7,406023.76,406022.82,406021.88,406020.94,406020,406020.94,406021.88,406022.82,406023.76,406024.7,406025.64,406026.58,406027.52,406028.46,406029.4,406030.34,406031.28,406032.22,406033.16,406034.1,406035.04,406035.98,406036.92,406037.86,406038.8,406039.74,406040.68,406041.62,406042.56,406043.5,406044.44,406045.38,406046.32,406047.26,406048.2,406049.14,406050.08,406051.02,406051.96,406052.9,406053.84,406054.78,406055.72,406056.66,406057.6,406058.54,406059.48,406060.42,406061.36,406062.3,406063.24,406064.18,406065.12,406066.06,406067,406067.94,406068.88,406069.82,406070.76,406071.7,406072.64,406073.58,406074.52,406075.46,406076.4,406077.34,406078.28,406079.22,406080.16,406081.1,406082.04,406082.98,406083.92,406084.86,406085.8,406086.74,406087.68,406088.62,406089.56,406090.5,406091.44,406092.38,406093.32,406094.26,406095.2,406096.14,406097.08,406098.02,406098.96,406099.9,406100.84,406101.78,406102.72,406103.66,406104.6,406105.54,406106.48,406107.42,406108.36,406109.3,406110.24,406111.18,406112.12,406113.06,406114],[406113,406112.07,406111.14,406110.21,406109.28,406108.35,406107.42,406106.49,406105.56,406104.63,406103.7,406102.77,406101.84,406100.91,406099.98,406099.05,406098.12,406097.19,406096.26,406095.33,406094.4,406093.47,406092.54,406091.61,406090.68,406089.75,406088.82,406087.89,406086.96,406086.03,406085.1,406084.17,406083.24,406082.31,406081.38,406080.45,406079.52,406078.59,406077.66,406076.73,406075.8,406074.87,406073.94,406073.01,406072.08,406071.15,406070.22,406069.29,406068.36,406067.43,406066.5,406065.57,406064.64,406063.71,406062.78,406061.85,406060.92,406059.99,406059.06,406058.13,406057.2,406056.27,406055.34,406054.41,406053.48,406052.55,406051.62,406050.69,406049.76,406048.83,406047.9,406046.97,406046.04,406045.11,406044.18,406043.25,406042.32,406041.39,406040.46,406039.53,406038.6,406037.67,406036.74,406035.81,406034.88,406033.95,406033.02,406032.09,406031.16,406030.23,406029.3,406028.37,406027.44,406026.51,406025.58,406024.65,406023.72,406022.79,406021.86,406020.93,406020,406020.93,406021.86,406022.79,406023.72,406024.65,406025.58,406026.51,406027.44,406028.37,406029.3,406030.23,406031.16,406032.09,406033.02,406033.95,406034.88,406035.81,406036.74,406037.67,406038.6,406039.53,406040.46,406041.39,406042.32,406043.25,406044.18,406045.11,406046.04,406046.97,406047.9,406048.83,406049.76,406050.69,406051.62,406052.55,406053.48,406054.41,406055.34,406056.27,406057.2,406058.13,406059.06,406059.99,406060.92,406061.85,406062.78,406063.71,406064.64,406065.57,406066.5,406067.43,406068.36,406069.29,406070.22,406071.15,406072.08,406073.01,406073.94,406074.87,406075.8,406076.73,406077.66,406078.59,406079.52,406080.45,406081.38,406082.31,406083.24,406084.17,406085.1,406086.03,406086.96,406087.89,406088.82,406089.75,406090.68,406091.61,406092.54,406093.47,406094.4,406095.33,406096.26,406097.19,406098.12,406099.05,406099.98,406100.91,406101.84,406102.77,406103.7,406104.63,406105.56,406106.49,406107.42,406108.35,406109.28,406110.21,406111.14,406112.07,406113],[406112,406111.08,406110.16,406109.24,406108.32,406107.4,406106.48,406105.56,406104.64,406103.72,406102.8,406101.88,406100.96,406100.04,406099.12,406098.2,406097.28,406096.36,406095.44,406094.52,406093.6,406092.68,406091.76,406090.84,406089.92,406089,406088.08,406087.16,406086.24,406085.32,406084.4,406083.48,406082.56,406081.64,406080.72,406079.8,406078.88,406077.96,406077.04,406076.12,406075.2,406074.28,406073.36,406072.44,406071.52,406070.6,406069.68,406068.76,406067.84,406066.92,406066,406065.08,406064.16,406063.24,406062.32,406061.4,406060.48,406059.56,406058.64,406057.72,406056.8,406055.88,406054.96,406054.04,406053.12,406052.2,406051.28,406050.36,406049.44,406048.52,406047.6,406046.68,406045.76,406044.84,406043.92,406043,406042.08,406041.16,406040.24,406039.32,406038.4,406037.48,406036.56,406035.64,406034.72,406033.8,406032.88,406031.96,406031.04,406030.12,406029.2,406028.28,406027.36,406026.44,406025.52,406024.6,406023.68,406022.76,406021.84,406020.92,406020,406020.92,406021.84,406022.76,406023.68,406024.6,406025.52,406026.44,406027.36,406028.28,406029.2,406030.12,406031.04,406031.96,406032.88,406033.8,406034.72,406035.64,406036.56,406037.48,406038.4,406039.32,406040.24,406041.16,406042.08,406043,406043.92,406044.84,406045.76,406046.68,406047.6,406048.52,406049.44,406050.36,406051.28,406052.2,406053.12,406054.04,406054.96,406055.88,406056.8,406057.72,406058.64,406059.56,406060.48,406061.4,406062.32,406063.24,406064.16,406065.08,406066,406066.92,406067.84,406068.76,406069.68,406070.6,406071.52,406072.44,406073.36,406074.28,406075.2,406076.12,406077.04,406077.96,406078.88,406079.8,406080.72,406081.64,406082.56,406083.48,406084.4,406085.32,406086.24,406087.16,406088.08,406089,406089.92,406090.84,406091.76,406092.68,406093.6,406094.52,406095.44,406096.36,406097.28,406098.2,406099.12,406100.04,406100.96,406101.88,406102.8,406103.72,406104.64,406105.56,406106.48,406107.4,406108.32,406109.24,406110.16,406111.08,406112],[406111,406110.09,406109.18,406108.27,406107.36,406106.45,406105.54,406104.63,406103.72,406102.81,406101.9,406100.99,406100.08,406099.17,406098.26,406097.35,406096.44,406095.53,406094.62,406093.71,406092.8,406091.89,406090.98,406090.07,406089.16,406088.25,406087.34,406086.43,406085.52,406084.61,406083.7,406082.79,406081.88,406080.97,406080.06,406079.15,406078.24,406077.33,406076.42,406075.51,406074.6,406073.69,406072.78,406071.87,406070.96,406070.05,406069.14,406068.23,406067.32,406066.41,406065.5,406064.59,406063.68,406062.77,406061.86,406060.95,406060.04,406059.13,406058.22,406057.31,406056.4,406055.49,406054.58,406053.67,406052.76,406051.85,406050.94,406050.03,406049.12,406048.21,406047.3,406046.39,406045.48,406044.57,406043.66,406042.75,406041.84,406040.93,406040.02,406039.11,406038.2,406037.29,406036.38,406035.47,406034.56,406033.65,406032.74,406031.83,406030.92,406030.01,406029.1,406028.19,406027.28,406026.37,406025.46,406024.55,406023.64,406022.73,406021.82,406020.91,406020,406020.91,406021.82,406022.73,406023.64,406024.55,406025.46,406026.37,406027.28,406028.19,406029.1,406030.01,406030.92,406031.83,406032.74,406033.65,406034.56,406035.47,406036.38,406037.29,406038.2,406039.11,406040.02,406040.93,406041.84,406042.75,406043.66,406044.57,406045.48,406046.39,406047.3,406048.21,406049.12,406050.03,406050.94,406051.85,406052.76,406053.67,406054.58,406055.49,406056.4,406057.31,406058.22,406059.13,406060.04,406060.95,406061.86,406062.77,406063.68,406064.59,406065.5,406066.41,406067.32,406068.23,406069.14,406070.05,406070.96,406071.87,406072.78,406073.69,406074.6,406075.51,406076.42,406077.33,406078.24,406079.15,406080.06,406080.97,406081.88,406082.79,406083.7,406084.61,406085.52,406086.43,406087.34,406088.25,406089.16,406090.07,406090.98,406091.89,406092.8,406093.71,406094.62,406095.53,406096.44,406097.35,406098.26,406099.17,406100.08,406100.99,406101.9,406102.81,406103.72,406104.63,406105.54,406106.45,406107.36,406108.27,406109.18,406110.09,406111],[406110,406109.1,406108.2,406107.3,406106.4,406105.5,406104.6,406103.7,406102.8,406101.9,406101,406100.1,406099.2,406098.3,406097.4,406096.5,406095.6,406094.7,406093.8,406092.9,406092,406091.1,406090.2,406089.3,406088.4,406087.5,406086.6,406085.7,406084.8,406083.9,406083,406082.1,406081.2,406080.3,406079.4,406078.5,406077.6,406076.7,406075.8,406074.9,406074,406073.1,406072.2,406071.3,406070.4,406069.5,406068.6,406067.7,406066.8,406065.9,406065,406064.1,406063.2,406062.3,406061.4,406060.5,406059.6,406058.7,406057.8,406056.9,406056,406055.1,406054.2,406053.3,406052.4,406051.5,406050.6,406049.7,406048.8,406047.9,406047,406046.1,406045.2,406044.3,406043.4,406042.5,406041.6,406040.7,406039.8,406038.9,406038,406037.1,406036.2,406035.3,406034.4,406033.5,406032.6,406031.7,406030.8,406029.9,406029,406028.1,406027.2,406026.3,406025.4,406024.5,406023.6,406022.7,406021.8,406020.9,406020,406020.9,406021.8,406022.7,406023.6,406024.5,406025.4,406026.3,406027.2,406028.1,406029,406029.9,406030.8,406031.7,406032.6,406033.5,406034.4,406035.3,406036.2,406037.1,406038,406038.9,406039.8,406040.7,406041.6,406042.5,406043.4,406044.3,406045.2,406046.1,406047,406047.9,406048.8,406049.7,406050.6,406051.5,406052.4,406053.3,406054.2,406055.1,406056,406056.9,406057.8,406058.7,406059.6,406060.5,406061.4,406062.3,406063.2,406064.1,406065,406065.9,406066.8,406067.7,406068.6,406069.5,406070.4,406071.3,406072.2,406073.1,406074,406074.9,406075.8,406076.7,406077.6,406078.5,406079.4,406080.3,406081.2,406082.1,406083,406083.9,406084.8,406085.7,406086.6,406087.5,406088.4,406089.3,406090.2,406091.1,406092,406092.9,406093.8,406094.7,406095.6,406096.5,406097.4,406098.3,406099.2,406100.1,406101,406101.9,406102.8,406103.7,406104.6,406105.5,406106.4,406107.3,406108.2,406109.1,406110],[406109,406108.11,406107.22,406106.33,406105.44,406104.55,406103.66,406102.77,406101.88,406100.99,406100.1,406099.21,406098.32,406097.43,406096.54,406095.65,406094.76,406093.87,406092.98,406092.09,406091.2,406090.31,406089.42,406088.53,406087.64,406086.75,406085.86,406084.97,406084.08,406083.19,406082.3,406081.41,406080.52,406079.63,406078.74,406077.85,406076.96,406076.07,406075.18,406074.29,406073.4,406072.51,406071.62,406070.73,406069.84,406068.95,406068.06,406067.17,406066.28,406065.39,406064.5,406063.61,406062.72,406061.83,406060.94,406060.05,406059.16,406058.27,406057.38,406056.49,406055.6,406054.71,406053.82,406052.93,406052.04,406051.15,406050.26,406049.37,406048.48,406047.59,406046.7,406045.81,406044.92,406044.03,406043.14,406042.25,406041.36,406040.47,406039.58,406038.69,406037.8,406036.91,406036.02,406035.13,406034.24,406033.35,406032.46,406031.57,406030.68,406029.79,406028.9,406028.01,406027.12,406026.23,406025.34,406024.45,406023.56,406022.67,406021.78,406020.89,406020,406020.89,406021.78,406022.67,406023.56,406024.45,406025.34,406026.23,406027.12,406028.01,406028.9,406029.79,406030.68,406031.57,406032.46,406033.35,406034.24,406035.13,406036.02,406036.91,406037.8,406038.69,406039.58,406040.47,406041.36,406042.25,406043.14,406044.03,406044.92,406045.81,406046.7,406047.59,406048.48,406049.37,406050.26,406051.15,406052.04,406052.93,406053.82,406054.71,406055.6,406056.49,406057.38,406058.27,406059.16,406060.05,406060.94,406061.83,406062.72,406063.61,406064.5,406065.39,406066.28,406067.17,406068.06,406068.95,406069.84,406070.73,406071.62,406072.51,406073.4,406074.29,406075.18,406076.07,406076.96,406077.85,406078.74,406079.63,406080.52,406081.41,406082.3,406083.19,406084.08,406084.97,406085.86,406086.75,406087.64,406088.53,406089.42,406090.31,406091.2,406092.09,406092.98,406093.87,406094.76,406095.65,406096.54,406097.43,406098.32,406099.21,406100.1,406100.99,406101.88,406102.77,406103.66,406104.55,406105.44,406106.33,406107.22,406108.11,406109],[406108,406107.12,406106.24,406105.36,406104.48,406103.6,406102.72,406101.84,406100.96,406100.08,406099.2,406098.32,406097.44,406096.56,406095.68,406094.8,406093.92,406093.04,406092.16,406091.28,406090.4,406089.52,406088.64,406087.76,406086.88,406086,406085.12,406084.24,406083.36,406082.48,406081.6,406080.72,406079.84,406078.96,406078.08,406077.2,406076.32,406075.44,406074.56,406073.68,406072.8,406071.92,406071.04,406070.16,406069.28,406068.4,406067.52,406066.64,406065.76,406064.88,406064,406063.12,406062.24,406061.36,406060.48,406059.6,406058.72,406057.84,406056.96,406056.08,406055.2,406054.32,406053.44,406052.56,406051.68,406050.8,406049.92,406049.04,406048.16,406047.28,406046.4,406045.52,406044.64,406043.76,406042.88,406042,406041.12,406040.24,406039.36,406038.48,406037.6,406036.72,406035.84,406034.96,406034.08,406033.2,406032.32,406031.44,406030.56,406029.68,406028.8,406027.92,406027.04,406026.16,406025.28,406024.4,406023.52,406022.64,406021.76,406020.88,406020,406020.88,406021.76,406022.64,406023.52,406024.4,406025.28,406026.16,406027.04,406027.92,406028.8,406029.68,406030.56,406031.44,406032.32,406033.2,406034.08,406034.96,406035.84,406036.72,406037.6,406038.48,406039.36,406040.24,406041.12,406042,406042.88,406043.76,406044.64,406045.52,406046.4,406047.28,406048.16,406049.04,406049.92,406050.8,406051.68,406052.56,406053.44,406054.32,406055.2,406056.08,406056.96,406057.84,406058.72,406059.6,406060.48,406061.36,406062.24,406063.12,406064,406064.88,406065.76,406066.64,406067.52,406068.4,406069.28,406070.16,406071.04,406071.92,406072.8,406073.68,406074.56,406075.44,406076.32,406077.2,406078.08,406078.96,406079.84,406080.72,406081.6,406082.48,406083.36,406084.24,406085.12,406086,406086.88,406087.76,406088.64,406089.52,406090.4,406091.28,406092.16,406093.04,406093.92,406094.8,406095.68,406096.56,406097.44,406098.32,406099.2,406100.08,406100.96,406101.84,406102.72,406103.6,406104.48,406105.36,406106.24,406107.12,406108],[406107,406106.13,406105.26,406104.39,406103.52,406102.65,406101.78,406100.91,406100.04,406099.17,406098.3,406097.43,406096.56,406095.69,406094.82,406093.95,406093.08,406092.21,406091.34,406090.47,406089.6,406088.73,406087.86,406086.99,406086.12,406085.25,406084.38,406083.51,406082.64,406081.77,406080.9,406080.03,406079.16,406078.29,406077.42,406076.55,406075.68,406074.81,406073.94,406073.07,406072.2,406071.33,406070.46,406069.59,406068.72,406067.85,406066.98,406066.11,406065.24,406064.37,406063.5,406062.63,406061.76,406060.89,406060.02,406059.15,406058.28,406057.41,406056.54,406055.67,406054.8,406053.93,406053.06,406052.19,406051.32,406050.45,406049.58,406048.71,406047.84,406046.97,406046.1,406045.23,406044.36,406043.49,406042.62,406041.75,406040.88,406040.01,406039.14,406038.27,406037.4,406036.53,406035.66,406034.79,406033.92,406033.05,406032.18,406031.31,406030.44,406029.57,406028.7,406027.83,406026.96,406026.09,406025.22,406024.35,406023.48,406022.61,406021.74,406020.87,406020,406020.87,406021.74,406022.61,406023.48,406024.35,406025.22,406026.09,406026.96,406027.83,406028.7,406029.57,406030.44,406031.31,406032.18,406033.05,406033.92,406034.79,406035.66,406036.53,406037.4,406038.27,406039.14,406040.01,406040.88,406041.75,406042.62,406043.49,406044.36,406045.23,406046.1,406046.97,406047.84,406048.71,406049.58,406050.45,406051.32,406052.19,406053.06,406053.93,406054.8,406055.67,406056.54,406057.41,406058.28,406059.15,406060.02,406060.89,406061.76,406062.63,406063.5,406064.37,406065.24,406066.11,406066.98,406067.85,406068.72,406069.59,406070.46,406071.33,406072.2,406073.07,406073.94,406074.81,406075.68,406076.55,406077.42,406078.29,406079.16,406080.03,406080.9,406081.77,406082.64,406083.51,406084.38,406085.25,406086.12,406086.99,406087.86,406088.73,406089.6,406090.47,406091.34,406092.21,406093.08,406093.95,406094.82,406095.69,406096.56,406097.43,406098.3,406099.17,406100.04,406100.91,406101.78,406102.65,406103.52,406104.39,406105.26,406106.13,406107],[406106,406105.14,406104.28,406103.42,406102.56,406101.7,406100.84,406099.98,406099.12,406098.26,406097.4,406096.54,406095.68,406094.82,406093.96,406093.1,406092.24,406091.38,406090.52,406089.66,406088.8,406087.94,406087.08,406086.22,406085.36,406084.5,406083.64,406082.78,406081.92,406081.06,406080.2,406079.34,406078.48,406077.62,406076.76,406075.9,406075.04,406074.18,406073.32,406072.46,406071.6,406070.74,406069.88,406069.02,406068.16,406067.3,406066.44,406065.58,406064.72,406063.86,406063,406062.14,406061.28,406060.42,406059.56,406058.7,406057.84,406056.98,406056.12,406055.26,406054.4,406053.54,406052.68,406051.82,406050.96,406050.1,406049.24,406048.38,406047.52,406046.66,406045.8,406044.94,406044.08,406043.22,406042.36,406041.5,406040.64,406039.78,406038.92,406038.06,406037.2,406036.34,406035.48,406034.62,406033.76,406032.9,406032.04,406031.18,406030.32,406029.46,406028.6,406027.74,406026.88,406026.02,406025.16,406024.3,406023.44,406022.58,406021.72,406020.86,406020,406020.86,406021.72,406022.58,406023.44,406024.3,406025.16,406026.02,406026.88,406027.74,406028.6,406029.46,406030.32,406031.18,406032.04,406032.9,406033.76,406034.62,406035.48,406036.34,406037.2,406038.06,406038.92,406039.78,406040.64,406041.5,406042.36,406043.22,406044.08,406044.94,406045.8,406046.66,406047.52,406048.38,406049.24,406050.1,406050.96,406051.82,406052.68,406053.54,406054.4,406055.26,406056.12,406056.98,406057.84,406058.7,406059.56,406060.42,406061.28,406062.14,406063,406063.86,406064.72,406065.58,406066.44,406067.3,406068.16,406069.02,406069.88,406070.74,406071.6,406072.46,406073.32,406074.18,406075.04,406075.9,406076.76,406077.62,406078.48,406079.34,406080.2,406081.06,406081.92,406082.78,406083.64,406084.5,406085.36,406086.22,406087.08,406087.94,406088.8,406089.66,406090.52,406091.38,406092.24,406093.1,406093.96,406094.82,406095.68,406096.54,406097.4,406098.26,406099.12,406099.98,406100.84,406101.7,406102.56,406103.42,406104.28,406105.14,406106],[406105,406104.15,406103.3,406102.45,406101.6,406100.75,406099.9,406099.05,406098.2,406097.35,406096.5,406095.65,406094.8,406093.95,406093.1,406092.25,406091.4,406090.55,406089.7,406088.85,406088,406087.15,406086.3,406085.45,406084.6,406083.75,406082.9,406082.05,406081.2,406080.35,406079.5,406078.65,406077.8,406076.95,406076.1,406075.25,406074.4,406073.55,406072.7,406071.85,406071,406070.15,406069.3,406068.45,406067.6,406066.75,406065.9,406065.05,406064.2,406063.35,406062.5,406061.65,406060.8,406059.95,406059.1,406058.25,406057.4,406056.55,406055.7,406054.85,406054,406053.15,406052.3,406051.45,406050.6,406049.75,406048.9,406048.05,406047.2,406046.35,406045.5,406044.65,406043.8,406042.95,406042.1,406041.25,406040.4,406039.55,406038.7,406037.85,406037,406036.15,406035.3,406034.45,406033.6,406032.75,406031.9,406031.05,406030.2,406029.35,406028.5,406027.65,406026.8,406025.95,406025.1,406024.25,406023.4,406022.55,406021.7,406020.85,406020,406020.85,406021.7,406022.55,406023.4,406024.25,406025.1,406025.95,406026.8,406027.65,406028.5,406029.35,406030.2,406031.05,406031.9,406032.75,406033.6,406034.45,406035.3,406036.15,406037,406037.85,406038.7,406039.55,406040.4,406041.25,406042.1,406042.95,406043.8,406044.65,406045.5,406046.35,406047.2,406048.05,406048.9,406049.75,406050.6,406051.45,406052.3,406053.15,406054,406054.85,406055.7,406056.55,406057.4,406058.25,406059.1,406059.95,406060.8,406061.65,406062.5,406063.35,406064.2,406065.05,406065.9,406066.75,406067.6,406068.45,406069.3,406070.15,406071,406071.85,406072.7,406073.55,406074.4,406075.25,406076.1,406076.95,406077.8,406078.65,406079.5,406080.35,406081.2,406082.05,406082.9,406083.75,406084.6,406085.45,406086.3,406087.15,406088,406088.85,406089.7,406090.55,406091.4,406092.25,406093.1,406093.95,406094.8,406095.65,406096.5,406097.35,406098.2,406099.05,406099.9,406100.75,406101.6,406102.45,406103.3,406104.15,406105],[406104,406103.16,406102.32,406101.48,406100.64,406099.8,406098.96,406098.12,406097.28,406096.44,406095.6,406094.76,406093.92,406093.08,406092.24,406091.4,406090.56,406089.72,406088.88,406088.04,406087.2,406086.36,406085.52,406084.68,406083.84,406083,406082.16,406081.32,406080.48,406079.64,406078.8,406077.96,406077.12,406076.28,406075.44,406074.6,406073.76,406072.92,406072.08,406071.24,406070.4,406069.56,406068.72,406067.88,406067.04,406066.2,406065.36,406064.52,406063.68,406062.84,406062,406061.16,406060.32,406059.48,406058.64,406057.8,406056.96,406056.12,406055.28,406054.44,406053.6,406052.76,406051.92,406051.08,406050.24,406049.4,406048.56,406047.72,406046.88,406046.04,406045.2,406044.36,406043.52,406042.68,406041.84,406041,406040.16,406039.32,406038.48,406037.64,406036.8,406035.96,406035.12,406034.28,406033.44,406032.6,406031.76,406030.92,406030.08,406029.24,406028.4,406027.56,406026.72,406025.88,406025.04,406024.2,406023.36,406022.52,406021.68,406020.84,406020,406020.84,406021.68,406022.52,406023.36,406024.2,406025.04,406025.88,406026.72,406027.56,406028.4,406029.24,406030.08,406030.92,406031.76,406032.6,406033.44,406034.28,406035.12,406035.96,406036.8,406037.64,406038.48,406039.32,406040.16,406041,406041.84,406042.68,406043.52,406044.36,406045.2,406046.04,406046.88,406047.72,406048.56,406049.4,406050.24,406051.08,406051.92,406052.76,406053.6,406054.44,406055.28,406056.12,406056.96,406057.8,406058.64,406059.48,406060.32,406061.16,406062,406062.84,406063.68,406064.52,406065.36,406066.2,406067.04,406067.88,406068.72,406069.56,406070.4,406071.24,406072.08,406072.92,406073.76,406074.6,406075.44,406076.28,406077.12,406077.96,406078.8,406079.64,406080.48,406081.32,406082.16,406083,406083.84,406084.68,406085.52,406086.36,406087.2,406088.04,406088.88,406089.72,406090.56,406091.4,406092.24,406093.08,406093.92,406094.76,406095.6,406096.44,406097.28,406098.12,406098.96,406099.8,406100.64,406101.48,406102.32,406103.16,406104],[406103,406102.17,406101.34,406100.51,406099.68,406098.85,406098.02,406097.19,406096.36,406095.53,406094.7,406093.87,406093.04,406092.21,406091.38,406090.55,406089.72,406088.89,406088.06,406087.23,406086.4,406085.57,406084.74,406083.91,406083.08,406082.25,406081.42,406080.59,406079.76,406078.93,406078.1,406077.27,406076.44,406075.61,406074.78,406073.95,406073.12,406072.29,406071.46,406070.63,406069.8,406068.97,406068.14,406067.31,406066.48,406065.65,406064.82,406063.99,406063.16,406062.33,406061.5,406060.67,406059.84,406059.01,406058.18,406057.35,406056.52,406055.69,406054.86,406054.03,406053.2,406052.37,406051.54,406050.71,406049.88,406049.05,406048.22,406047.39,406046.56,406045.73,406044.9,406044.07,406043.24,406042.41,406041.58,406040.75,406039.92,406039.09,406038.26,406037.43,406036.6,406035.77,406034.94,406034.11,406033.28,406032.45,406031.62,406030.79,406029.96,406029.13,406028.3,406027.47,406026.64,406025.81,406024.98,406024.15,406023.32,406022.49,406021.66,406020.83,406020,406020.83,406021.66,406022.49,406023.32,406024.15,406024.98,406025.81,406026.64,406027.47,406028.3,406029.13,406029.96,406030.79,406031.62,406032.45,406033.28,406034.11,406034.94,406035.77,406036.6,406037.43,406038.26,406039.09,406039.92,406040.75,406041.58,406042.41,406043.24,406044.07,406044.9,406045.73,406046.56,406047.39,406048.22,406049.05,406049.88,406050.71,406051.54,406052.37,406053.2,406054.03,406054.86,406055.69,406056.52,406057.35,406058.18,406059.01,406059.84,406060.67,406061.5,406062.33,406063.16,406063.99,406064.82,406065.65,406066.48,406067.31,406068.14,406068.97,406069.8,406070.63,406071.46,406072.29,406073.12,406073.95,406074.78,406075.61,406076.44,406077.27,406078.1,406078.93,406079.76,406080.59,406081.42,406082.25,406083.08,406083.91,406084.74,406085.57,406086.4,406087.23,406088.06,406088.89,406089.72,406090.55,406091.38,406092.21,406093.04,406093.87,406094.7,406095.53,406096.36,406097.19,406098.02,406098.85,406099.68,406100.51,406101.34,406102.17,406103],[406102,406101.18,406100.36,406099.54,406098.72,406097.9,406097.08,406096.26,406095.44,406094.62,406093.8,406092.98,406092.16,406091.34,406090.52,406089.7,406088.88,406088.06,406087.24,406086.42,406085.6,406084.78,406083.96,406083.14,406082.32,406081.5,406080.68,406079.86,406079.04,406078.22,406077.4,406076.58,406075.76,406074.94,406074.12,406073.3,406072.48,406071.66,406070.84,406070.02,406069.2,406068.38,406067.56,406066.74,406065.92,406065.1,406064.28,406063.46,406062.64,406061.82,406061,406060.18,406059.36,406058.54,406057.72,406056.9,406056.08,406055.26,406054.44,406053.62,406052.8,406051.98,406051.16,406050.34,406049.52,406048.7,406047.88,406047.06,406046.24,406045.42,406044.6,406043.78,406042.96,406042.14,406041.32,406040.5,406039.68,406038.86,406038.04,406037.22,406036.4,406035.58,406034.76,406033.94,406033.12,406032.3,406031.48,406030.66,406029.84,406029.02,406028.2,406027.38,406026.56,406025.74,406024.92,406024.1,406023.28,406022.46,406021.64,406020.82,406020,406020.82,406021.64,406022.46,406023.28,406024.1,406024.92,406025.74,406026.56,406027.38,406028.2,406029.02,406029.84,406030.66,406031.48,406032.3,406033.12,406033.94,406034.76,406035.58,406036.4,406037.22,406038.04,406038.86,406039.68,406040.5,406041.32,406042.14,406042.96,406043.78,406044.6,406045.42,406046.24,406047.06,406047.88,406048.7,406049.52,406050.34,406051.16,406051.98,406052.8,406053.62,406054.44,406055.26,406056.08,406056.9,406057.72,406058.54,406059.36,406060.18,406061,406061.82,406062.64,406063.46,406064.28,406065.1,406065.92,406066.74,406067.56,406068.38,406069.2,406070.02,406070.84,406071.66,406072.48,406073.3,406074.12,406074.94,406075.76,406076.58,406077.4,406078.22,406079.04,406079.86,406080.68,406081.5,406082.32,406083.14,406083.96,406084.78,406085.6,406086.42,406087.24,406088.06,406088.88,406089.7,406090.52,406091.34,406092.16,406092.98,406093.8,406094.62,406095.44,406096.26,406097.08,406097.9,406098.72,406099.54,406100.36,406101.18,406102],[406101,406100.19,406099.38,406098.57,406097.76,406096.95,406096.14,406095.33,406094.52,406093.71,406092.9,406092.09,406091.28,406090.47,406089.66,406088.85,406088.04,406087.23,406086.42,406085.61,406084.8,406083.99,406083.18,406082.37,406081.56,406080.75,406079.94,406079.13,406078.32,406077.51,406076.7,406075.89,406075.08,406074.27,406073.46,406072.65,406071.84,406071.03,406070.22,406069.41,406068.6,406067.79,406066.98,406066.17,406065.36,406064.55,406063.74,406062.93,406062.12,406061.31,406060.5,406059.69,406058.88,406058.07,406057.26,406056.45,406055.64,406054.83,406054.02,406053.21,406052.4,406051.59,406050.78,406049.97,406049.16,406048.35,406047.54,406046.73,406045.92,406045.11,406044.3,406043.49,406042.68,406041.87,406041.06,406040.25,